dummy x;
length 5;
note 1 60 100;
note 1.02 67 100;
note 1.02 71 100;
note 1.03 64 100;
knob 1.56 4 0.801564;
knob 1.65 4 0.461388;
knob 1.75 4 0;
knob 2.28 4 0.0244379;
knob 2.39 4 0.209189;
knob 2.41 4 0.381232;
knob 2.5 4 0.558162;
knob 2.6 4 0.464321;
knob 2.71 4 0;
knob 2.92 4 0.11437;
knob 3.03 4 0.450635;
knob 3.14 4 0.399805;
knob 3.18 4 0.170088;
knob 3.27 4 0;
knob 3.66 4 0.185728;
knob 3.69 4 0.357771;
knob 3.78 4 0.535679;
knob 3.87 4 0.542522;
knob 3.98 4 0.208211;
knob 4.09 4 0;
knob 4.38 4 0.0351906;
knob 4.52 4 0.40567;
knob 4.56 4 0.602151;
note-off 4.65 60 0;
knob 4.65 4 0.72043;
note-off 4.69 71 0;
note-off 4.7 64 0;
note-off 4.71 67 0;
knob 4.75 4 0.751711;
knob 4.86 4 0.759531;
